  -1.5500000e+02
  -4.5000000e+01
   1.3900000e+02
   1.7100000e+02
   5.7000000e+01
  -3.3000000e+01
  -4.0000000e+00
   1.5500000e+02
   2.1100000e+02
   2.1100000e+02
   1.1500000e+02
  -2.0000000e+00
  -1.4700000e+02
  -2.1100000e+02
  -1.4700000e+02
  -1.4700000e+02
  -1.3900000e+02
  -1.3100000e+02
  -8.1000000e+01
   2.4000000e+01
   1.1500000e+02
   9.3000000e+01
   8.9000000e+01
   1.3900000e+02
   1.7100000e+02
   2.9500000e+02
   2.9500000e+02
   2.1100000e+02
  -1.8700000e+02
  -5.9100000e+02
  -6.2300000e+02
  -4.7100000e+02
  -4.0000000e+00
   1.8700000e+02
   1.6300000e+02
   1.2300000e+02
   1.5500000e+02
   2.4700000e+02
   3.7500000e+02
   3.2700000e+02
   1.3900000e+02
   0.0000000e+00
  -1.8700000e+02
  -3.5900000e+02
  -5.2700000e+02
  -4.2300000e+02
  -2.3100000e+02
   5.3000000e+01
   2.3100000e+02
   1.5500000e+02
   1.3900000e+02
   1.4700000e+02
   2.3100000e+02
   2.7900000e+02
   2.3100000e+02
   1.7100000e+02
   9.3000000e+01
  -3.3000000e+01
  -2.9500000e+02
  -5.5900000e+02
  -4.0700000e+02
  -3.3000000e+01
   2.1900000e+02
   1.2300000e+02
  -8.1000000e+01
  -8.9000000e+01
   9.9000000e+01
   1.7900000e+02
   1.9500000e+02
   1.7900000e+02
   1.3100000e+02
   1.7900000e+02
   1.0000000e+01
  -3.7500000e+02
  -5.5900000e+02
  -4.0700000e+02
   0.0000000e+00
   3.2700000e+02
   2.6300000e+02
   5.7000000e+01
  -2.3100000e+02
  -1.5500000e+02
   5.3000000e+01
   3.1100000e+02
   4.0700000e+02
   3.5900000e+02
   2.0300000e+02
  -2.1900000e+02
  -5.5900000e+02
  -6.2300000e+02
  -3.5900000e+02
   9.9000000e+01
   3.1100000e+02
   3.5900000e+02
   2.4700000e+02
   5.3000000e+01
  -1.2300000e+02
  -1.4700000e+02
   5.7000000e+01
   3.7500000e+02
   4.7100000e+02
   1.5500000e+02
  -3.4300000e+02
  -6.5500000e+02
  -5.5900000e+02
  -1.7900000e+02
   1.6300000e+02
   3.5900000e+02
   3.4300000e+02
   6.5000000e+01
  -1.5500000e+02
  -1.6300000e+02
   8.5000000e+01
   2.9500000e+02
   4.2300000e+02
   3.2700000e+02
  -4.9000000e+01
  -3.5900000e+02
  -6.8700000e+02
  -6.2300000e+02
  -2.4700000e+02
   7.7000000e+01
   3.5900000e+02
   2.6300000e+02
   8.9000000e+01
  -1.3100000e+02
   4.5000000e+01
   3.2700000e+02
   5.2700000e+02
   4.5500000e+02
  -1.8000000e+01
  -2.7900000e+02
  -4.9500000e+02
  -5.9100000e+02
  -4.0700000e+02
  -2.1100000e+02
   2.3100000e+02
   2.6300000e+02
   1.9500000e+02
   1.2000000e+01
   6.0000000e+00
   1.8700000e+02
   4.5500000e+02
   5.9100000e+02
   1.5500000e+02
  -1.2300000e+02
  -4.7100000e+02
  -5.9100000e+02
  -4.2300000e+02
  -2.9500000e+02
   1.3100000e+02
   2.1900000e+02
   1.7900000e+02
  -4.0000000e+00
  -6.1000000e+01
   1.2300000e+02
   3.5900000e+02
   5.9100000e+02
   2.3100000e+02
  -9.9000000e+01
  -4.3900000e+02
  -6.5500000e+02
  -4.5500000e+02
  -2.9500000e+02
   1.6300000e+02
   3.4300000e+02
   3.7500000e+02
   1.0700000e+02
  -7.7000000e+01
  -4.1000000e+01
   2.0300000e+02
   4.3900000e+02
   2.6300000e+02
   6.9000000e+01
  -4.3900000e+02
  -7.1900000e+02
  -5.5900000e+02
  -2.4700000e+02
   3.4300000e+02
   4.7100000e+02
   3.9100000e+02
   1.3100000e+02
  -9.3000000e+01
  -1.6300000e+02
   9.9000000e+01
   2.3100000e+02
   1.7100000e+02
   2.3100000e+02
  -2.9500000e+02
  -5.9100000e+02
  -6.5500000e+02
  -3.7500000e+02
   2.9500000e+02
   5.5900000e+02
   5.9100000e+02
   3.2700000e+02
  -6.0000000e+00
  -2.3100000e+02
  -2.6000000e+01
   1.3900000e+02
   1.6300000e+02
   1.1500000e+02
  -5.2700000e+02
  -6.8700000e+02
  -7.1900000e+02
  -2.7900000e+02
   4.9500000e+02
   6.8700000e+02
   7.1900000e+02
   4.2300000e+02
   9.9000000e+01
  -2.4700000e+02
  -2.3100000e+02
  -4.5500000e+02
  -1.4700000e+02
   1.7900000e+02
  -1.7900000e+02
  -1.9500000e+02
  -4.2300000e+02
  -1.7900000e+02
   2.4700000e+02
   4.0700000e+02
   4.3900000e+02
   3.5900000e+02
   9.9000000e+01
  -4.9000000e+01
   8.9000000e+01
  -2.7900000e+02
  -1.1500000e+02
  -1.7900000e+02
  -3.2700000e+02
  -1.3100000e+02
  -3.9100000e+02
  -3.3000000e+01
   3.5900000e+02
   5.5900000e+02
   3.2700000e+02
   5.7000000e+01
  -2.0300000e+02
  -3.7000000e+01
   2.1100000e+02
  -7.3000000e+01
   1.9500000e+02
  -3.1100000e+02
  -5.5900000e+02
  -3.1100000e+02
  -3.1100000e+02
   1.3900000e+02
   2.6300000e+02
   3.7500000e+02
   3.7500000e+02
   3.1100000e+02
  -9.9000000e+01
   0.0000000e+00
  -3.7000000e+01
  -1.2300000e+02
   1.8700000e+02
  -3.9100000e+02
  -4.5500000e+02
  -4.9500000e+02
  -3.1100000e+02
   4.5500000e+02
   7.1900000e+02
   5.2700000e+02
   1.3900000e+02
   8.0000000e+00
  -8.1000000e+01
   1.3100000e+02
  -1.1500000e+02
  -2.9500000e+02
  -2.0300000e+02
  -5.9100000e+02
  -3.4300000e+02
  -2.9500000e+02
  -3.3000000e+01
   5.2700000e+02
   6.5500000e+02
   5.5900000e+02
   3.4300000e+02
  -1.9500000e+02
  -4.9500000e+02
  -1.2000000e+01
   4.9000000e+01
   1.3100000e+02
  -4.9000000e+01
  -5.9100000e+02
  -3.7500000e+02
  -2.4700000e+02
   1.3900000e+02
   4.9500000e+02
   4.7100000e+02
   2.6300000e+02
   2.1100000e+02
  -4.1000000e+01
  -3.4300000e+02
  -1.7100000e+02
  -1.3100000e+02
   2.0300000e+02
   1.5500000e+02
  -3.7500000e+02
  -4.0700000e+02
  -4.9500000e+02
  -1.3100000e+02
   3.4300000e+02
   5.9100000e+02
   5.2700000e+02
   2.7900000e+02
  -2.9500000e+02
  -3.2700000e+02
   9.9000000e+01
   1.2300000e+02
   2.4700000e+02
  -2.4000000e+01
  -5.2700000e+02
  -5.5900000e+02
  -4.9500000e+02
   1.2300000e+02
   5.9100000e+02
   5.5900000e+02
   3.2700000e+02
   1.9500000e+02
  -1.3900000e+02
  -1.4700000e+02
  -1.0000000e+01
  -3.0000000e+01
  -1.0000000e+01
  -1.9500000e+02
  -3.9100000e+02
  -4.2300000e+02
  -5.2700000e+02
  -1.8000000e+01
   5.5900000e+02
   6.8700000e+02
   3.2700000e+02
   3.7000000e+01
  -1.8700000e+02
  -2.1100000e+02
   5.3000000e+01
   1.8700000e+02
   2.1100000e+02
   4.0000000e+00
  -4.0700000e+02
  -5.5900000e+02
  -4.5500000e+02
   6.0000000e+00
   6.2300000e+02
   6.8700000e+02
   2.3100000e+02
  -3.4300000e+02
  -4.2300000e+02
  -1.4700000e+02
   2.0300000e+02
   3.7500000e+02
   2.6300000e+02
  -2.0300000e+02
  -4.5500000e+02
  -6.5500000e+02
  -4.5500000e+02
   6.1000000e+01
   7.8300000e+02
   9.4300000e+02
   4.2300000e+02
  -3.7500000e+02
  -6.8700000e+02
  -3.5900000e+02
   3.7500000e+02
   6.5500000e+02
   5.2700000e+02
  -7.7000000e+01
  -6.8700000e+02
  -9.4300000e+02
  -8.4700000e+02
   7.3000000e+01
   9.4300000e+02
   1.0870000e+03
   5.9100000e+02
  -2.9500000e+02
  -1.0230000e+03
  -6.2300000e+02
  -1.0000000e+01
   6.5500000e+02
   8.1500000e+02
   4.0700000e+02
  -2.9500000e+02
  -1.1510000e+03
  -1.0230000e+03
  -7.3000000e+01
   9.7500000e+02
   1.0870000e+03
   8.1500000e+02
   7.7000000e+01
  -8.7900000e+02
  -1.4710000e+03
  -6.8700000e+02
   5.5900000e+02
   1.2790000e+03
   7.5100000e+02
  -2.0000000e+01
  -4.9500000e+02
  -1.2150000e+03
  -5.9100000e+02
   4.0700000e+02
   1.1510000e+03
   1.0230000e+03
   1.9500000e+02
  -8.1500000e+02
  -1.2790000e+03
  -1.1510000e+03
  -2.8000000e+01
   1.3430000e+03
   1.2790000e+03
   5.9100000e+02
  -3.2700000e+02
  -6.8700000e+02
  -8.7900000e+02
  -4.9500000e+02
   3.1100000e+02
   8.7900000e+02
   8.4700000e+02
   1.5500000e+02
  -9.1100000e+02
  -1.1510000e+03
  -7.5100000e+02
   1.6300000e+02
   1.4070000e+03
   1.4710000e+03
   2.3100000e+02
  -9.4300000e+02
  -1.0230000e+03
  -2.3100000e+02
   4.9500000e+02
   2.9500000e+02
   2.3100000e+02
   8.0000000e+00
  -6.0000000e+00
  -4.0700000e+02
  -8.4700000e+02
  -5.9100000e+02
   3.2700000e+02
   1.1510000e+03
   1.2150000e+03
   2.6300000e+02
  -7.1900000e+02
  -8.4700000e+02
  -3.4300000e+02
   3.9100000e+02
   3.1100000e+02
   5.7000000e+01
   3.3000000e+01
  -3.7000000e+01
  -2.3100000e+02
  -6.2300000e+02
  -7.1900000e+02
  -4.9000000e+01
   5.9100000e+02
   1.2150000e+03
   9.4300000e+02
   0.0000000e+00
  -8.1500000e+02
  -8.4700000e+02
   1.0700000e+02
   6.2300000e+02
  -1.5500000e+02
  -4.7100000e+02
  -4.1000000e+01
   4.0700000e+02
   9.3000000e+01
  -1.0230000e+03
  -7.5100000e+02
   3.7500000e+02
   1.0870000e+03
   1.2150000e+03
   2.3100000e+02
  -9.4300000e+02
  -9.1100000e+02
  -7.3000000e+01
   7.5100000e+02
   3.7500000e+02
  -4.2300000e+02
  -2.3100000e+02
  -1.3900000e+02
  -2.0300000e+02
  -5.2700000e+02
  -5.5900000e+02
   1.7900000e+02
   9.1100000e+02
   9.7500000e+02
   8.1500000e+02
  -2.3100000e+02
  -9.4300000e+02
  -5.5900000e+02
   1.3900000e+02
   7.8300000e+02
   6.1000000e+01
  -4.2300000e+02
  -3.9100000e+02
  -8.5000000e+01
  -3.1100000e+02
  -5.9100000e+02
  -2.4700000e+02
   6.2300000e+02
   1.0870000e+03
   1.0230000e+03
   1.4700000e+02
  -1.0230000e+03
  -7.8300000e+02
  -6.9000000e+01
   5.2700000e+02
   1.3900000e+02
  -5.5900000e+02
  -1.4700000e+02
   2.3100000e+02
   1.4700000e+02
  -8.5000000e+01
  -6.5500000e+02
  -1.7900000e+02
   3.9100000e+02
   6.5500000e+02
   8.7900000e+02
   2.7900000e+02
  -6.8700000e+02
  -6.5500000e+02
  -3.1100000e+02
   1.8700000e+02
  -1.0700000e+02
  -5.2700000e+02
   3.4300000e+02
   8.1500000e+02
   3.5900000e+02
  -5.2700000e+02
  -1.0870000e+03
  -3.2700000e+02
   7.5100000e+02
   1.2150000e+03
   7.1900000e+02
  -4.3900000e+02
  -8.7900000e+02
  -4.5500000e+02
  -1.7100000e+02
  -3.7000000e+01
  -1.0700000e+02
   4.3900000e+02
   7.5100000e+02
   9.9000000e+01
  -7.8300000e+02
  -1.1510000e+03
  -3.5900000e+02
   7.5100000e+02
   1.4070000e+03
   1.6630000e+03
   2.1900000e+02
  -1.5990000e+03
  -1.8550000e+03
  -5.2700000e+02
   9.4300000e+02
   8.1500000e+02
  -6.9000000e+01
   4.7100000e+02
   4.0700000e+02
  -4.7100000e+02
  -1.2150000e+03
  -1.3430000e+03
   3.9100000e+02
   1.6630000e+03
   1.4710000e+03
   4.7100000e+02
  -1.0870000e+03
  -1.5990000e+03
  -5.9100000e+02
   3.5900000e+02
   7.8300000e+02
   2.4700000e+02
   1.8700000e+02
   4.7100000e+02
  -1.7900000e+02
  -1.0870000e+03
  -1.1510000e+03
  -3.7500000e+02
   8.7900000e+02
   1.5350000e+03
   1.2790000e+03
   7.7000000e+01
  -1.1510000e+03
  -9.4300000e+02
  -1.1500000e+02
   4.5500000e+02
  -7.7000000e+01
  -1.4700000e+02
   4.7100000e+02
   5.2700000e+02
  -3.9100000e+02
  -1.1510000e+03
  -9.4300000e+02
   2.6300000e+02
   1.2790000e+03
   1.6630000e+03
   5.5900000e+02
  -1.0870000e+03
  -1.3430000e+03
  -3.9100000e+02
   6.8700000e+02
   3.5900000e+02
  -6.8700000e+02
   0.0000000e+00
   9.4300000e+02
   9.3000000e+01
  -1.2150000e+03
  -1.6630000e+03
  -2.1900000e+02
   1.5350000e+03
   1.7910000e+03
   7.1900000e+02
  -4.9500000e+02
  -9.7500000e+02
  -5.5900000e+02
   1.1500000e+02
   3.2700000e+02
  -3.3000000e+01
  -1.6300000e+02
   4.3900000e+02
   1.5500000e+02
  -6.5500000e+02
  -1.2150000e+03
  -8.1500000e+02
   7.8300000e+02
   1.9830000e+03
   1.5350000e+03
   1.1500000e+02
  -1.3430000e+03
  -1.1510000e+03
   1.9500000e+02
   4.9500000e+02
  -3.9100000e+02
  -7.1900000e+02
   1.7900000e+02
   9.1100000e+02
   1.7100000e+02
  -1.2790000e+03
  -1.3430000e+03
   1.2300000e+02
   1.7910000e+03
   1.9190000e+03
   2.9500000e+02
  -1.0230000e+03
  -9.7500000e+02
  -1.5500000e+02
   3.4300000e+02
  -6.2300000e+02
  -9.4300000e+02
   2.9500000e+02
   1.2790000e+03
   9.1100000e+02
  -6.5500000e+02
  -1.5350000e+03
  -6.2300000e+02
   7.1900000e+02
   1.4710000e+03
   8.7900000e+02
  -3.2700000e+02
  -8.4700000e+02
  -4.9500000e+02
   3.1100000e+02
   3.7500000e+02
  -7.1900000e+02
  -8.7900000e+02
   7.5100000e+02
   1.0230000e+03
  -8.0000000e+00
  -1.4710000e+03
  -1.5990000e+03
   6.2300000e+02
   2.2070000e+03
   1.3430000e+03
  -3.5900000e+02
  -1.2150000e+03
  -5.5900000e+02
   7.5100000e+02
  -1.1500000e+02
  -1.0870000e+03
   7.3000000e+01
   1.0230000e+03
   1.2790000e+03
  -4.3900000e+02
  -1.9830000e+03
  -1.4710000e+03
   1.7100000e+02
   1.7910000e+03
   1.9190000e+03
   2.7900000e+02
  -9.4300000e+02
  -1.0230000e+03
  -9.9000000e+01
   2.6300000e+02
  -1.7900000e+02
  -1.9500000e+02
   2.0300000e+02
   4.5500000e+02
   1.7100000e+02
  -9.1100000e+02
  -1.4070000e+03
  -4.3900000e+02
   1.4710000e+03
   2.0790000e+03
   6.8700000e+02
  -1.0870000e+03
  -1.2150000e+03
   3.4300000e+02
   7.5100000e+02
  -2.4700000e+02
  -8.4700000e+02
  -4.7100000e+02
   2.7900000e+02
   3.7500000e+02
  -7.1900000e+02
  -7.1900000e+02
   1.5500000e+02
   1.1510000e+03
   1.5350000e+03
   4.5000000e+01
  -1.0230000e+03
  -2.3100000e+02
   5.2700000e+02
   2.9500000e+02
  -6.2300000e+02
  -8.4700000e+02
  -1.3100000e+02
   1.7100000e+02
   4.9000000e+01
  -2.0300000e+02
  -5.7000000e+01
   1.7900000e+02
   7.1900000e+02
   1.0870000e+03
   7.1900000e+02
  -4.5500000e+02
  -1.0230000e+03
  -5.9100000e+02
  -3.3000000e+01
  -1.2300000e+02
  -4.2300000e+02
  -3.5900000e+02
   2.4700000e+02
   9.1100000e+02
   3.7500000e+02
  -8.4700000e+02
  -9.4300000e+02
   5.2700000e+02
   1.5990000e+03
   1.0230000e+03
  -8.4700000e+02
  -1.3430000e+03
  -2.4700000e+02
   1.2300000e+02
  -1.9500000e+02
  -1.5500000e+02
   3.3000000e+01
   5.9100000e+02
   6.2300000e+02
   8.0000000e+00
  -4.5500000e+02
  -6.2300000e+02
   3.2700000e+02
   1.2790000e+03
   8.1500000e+02
  -8.5000000e+01
  -1.0230000e+03
  -1.2150000e+03
  -5.5900000e+02
   3.1100000e+02
   6.5500000e+02
   3.5900000e+02
  -2.4700000e+02
  -1.3100000e+02
  -5.3000000e+01
  -3.9100000e+02
  -2.9500000e+02
   2.4700000e+02
   9.4300000e+02
   8.1500000e+02
   3.0000000e+01
  -4.9500000e+02
  -7.1900000e+02
  -7.5100000e+02
   1.7900000e+02
   4.3900000e+02
   1.6300000e+02
   6.1000000e+01
  -1.1500000e+02
  -1.9500000e+02
  -4.2300000e+02
  -1.7100000e+02
   6.8700000e+02
   1.0230000e+03
   9.1100000e+02
   1.9500000e+02
  -4.2300000e+02
  -8.4700000e+02
  -1.4070000e+03
  -8.4700000e+02
   3.9100000e+02
   9.1100000e+02
   5.2700000e+02
  -4.2300000e+02
  -6.5500000e+02
   2.3100000e+02
   4.3900000e+02
   2.1100000e+02
   3.2700000e+02
   4.9500000e+02
   4.3900000e+02
   2.4000000e+01
  -6.5500000e+02
  -1.2150000e+03
  -9.1100000e+02
   2.7900000e+02
   7.1900000e+02
   6.5500000e+02
   3.5900000e+02
  -1.6300000e+02
  -1.3900000e+02
   2.0000000e+01
   1.8700000e+02
   6.9000000e+01
  -2.9500000e+02
  -1.3900000e+02
   4.7100000e+02
   1.2300000e+02
  -7.1900000e+02
  -8.7900000e+02
  -8.5000000e+01
   6.2300000e+02
   4.9500000e+02
   1.2300000e+02
  -3.9100000e+02
  -3.9100000e+02
   1.0000000e+01
   7.3000000e+01
   4.5500000e+02
   5.9100000e+02
   2.6300000e+02
   2.6300000e+02
   1.2000000e+01
  -5.9100000e+02
  -5.2700000e+02
  -4.9500000e+02
   2.3100000e+02
   7.8300000e+02
   2.9500000e+02
  -4.9500000e+02
  -7.8300000e+02
  -2.9500000e+02
   1.3900000e+02
   1.7100000e+02
   2.4700000e+02
   5.2700000e+02
   7.5100000e+02
   3.7500000e+02
  -7.5100000e+02
  -1.0230000e+03
  -2.1100000e+02
   1.7900000e+02
   9.9000000e+01
  -1.3100000e+02
  -1.2300000e+02
   2.7900000e+02
   5.7000000e+01
  -2.7900000e+02
   1.4700000e+02
   5.2700000e+02
   6.8700000e+02
   4.2300000e+02
  -1.1500000e+02
  -2.7900000e+02
  -3.9100000e+02
  -4.9500000e+02
  -2.9500000e+02
  -8.5000000e+01
   4.5000000e+01
   3.3000000e+01
   1.7100000e+02
   1.6300000e+02
  -6.9000000e+01
  -8.0000000e+00
   1.6300000e+02
   2.7900000e+02
   4.7100000e+02
   1.1500000e+02
  -5.2700000e+02
  -8.1500000e+02
  -7.1900000e+02
  -1.2300000e+02
   5.9100000e+02
   8.1500000e+02
   4.5500000e+02
   4.9000000e+01
  -2.6000000e+01
  -3.7500000e+02
  -5.2700000e+02
  -6.5500000e+02
  -1.3100000e+02
   9.7500000e+02
   1.2790000e+03
   6.0000000e+00
  -1.1510000e+03
  -9.7500000e+02
  -1.2300000e+02
   6.8700000e+02
   1.0870000e+03
   7.1900000e+02
   2.4700000e+02
  -2.1100000e+02
  -6.8700000e+02
  -4.9500000e+02
  -2.4700000e+02
  -4.7100000e+02
  -2.6300000e+02
   1.5500000e+02
   2.0300000e+02
   6.5000000e+01
  -2.9500000e+02
  -1.5500000e+02
   5.2700000e+02
   9.1100000e+02
   4.2300000e+02
  -1.3100000e+02
  -5.2700000e+02
  -5.2700000e+02
  -3.2700000e+02
  -3.7500000e+02
  -1.8700000e+02
   4.9500000e+02
   7.5100000e+02
   4.7100000e+02
  -2.0300000e+02
  -4.2300000e+02
  -6.9000000e+01
  -8.9000000e+01
   1.2000000e+01
   2.4700000e+02
   1.1500000e+02
  -6.1000000e+01
  -4.0700000e+02
  -1.5500000e+02
   1.8700000e+02
   7.3000000e+01
   1.3100000e+02
   4.2300000e+02
   8.1500000e+02
   4.7100000e+02
  -6.8700000e+02
  -1.0230000e+03
  -5.9100000e+02
   2.6300000e+02
   3.9100000e+02
  -1.1500000e+02
  -2.4700000e+02
  -3.1100000e+02
   1.1500000e+02
   3.5900000e+02
  -1.3900000e+02
  -8.0000000e+00
   4.5500000e+02
   5.5900000e+02
   4.3900000e+02
  -2.3100000e+02
  -7.8300000e+02
  -6.5500000e+02
  -2.6300000e+02
   2.4700000e+02
   4.9500000e+02
   7.7000000e+01
  -9.9000000e+01
  -1.8700000e+02
  -8.9000000e+01
   1.9500000e+02
   2.3100000e+02
   4.2300000e+02
   6.2300000e+02
   2.6300000e+02
  -4.2300000e+02
  -6.5500000e+02
  -3.7500000e+02
  -2.1100000e+02
  -7.3000000e+01
   3.7500000e+02
   3.1100000e+02
  -2.3100000e+02
  -6.8700000e+02
  -2.3100000e+02
   4.5500000e+02
   4.9500000e+02
   1.8700000e+02
  -4.9000000e+01
   1.5500000e+02
   3.4300000e+02
  -6.1000000e+01
  -5.9100000e+02
  -6.8700000e+02
  -1.8000000e+01
   6.2300000e+02
   1.6300000e+02
  -5.2700000e+02
  -4.7100000e+02
   2.3100000e+02
   8.1500000e+02
   5.9100000e+02
  -2.4700000e+02
  -2.3100000e+02
   1.8700000e+02
   2.1100000e+02
  -1.3900000e+02
  -6.2300000e+02
  -2.7900000e+02
   3.4300000e+02
   2.6300000e+02
  -3.3000000e+01
  -4.2300000e+02
  -1.2300000e+02
   4.2300000e+02
   5.5900000e+02
   2.0300000e+02
  -3.2700000e+02
  -4.3900000e+02
  -1.8700000e+02
  -4.5000000e+01
  -1.9500000e+02
  -2.9500000e+02
   8.1000000e+01
   2.1900000e+02
   1.3900000e+02
   2.1100000e+02
  -1.4700000e+02
  -1.1500000e+02
   4.3900000e+02
   3.9100000e+02
   8.0000000e+00
  -1.7900000e+02
  -4.7100000e+02
  -3.9100000e+02
  -2.6000000e+01
   1.3100000e+02
   1.1500000e+02
   1.4000000e+01
   2.0000000e+01
   1.0700000e+02
   2.3100000e+02
   1.4700000e+02
  -4.0000000e+00
   3.3000000e+01
   1.7100000e+02
   8.1000000e+01
  -1.3900000e+02
  -3.7500000e+02
  -3.5900000e+02
   2.0000000e+00
   4.2300000e+02
   2.6300000e+02
  -2.9500000e+02
  -2.7900000e+02
   9.9000000e+01
   5.2700000e+02
   3.1100000e+02
  -2.7900000e+02
  -3.7500000e+02
  -4.9500000e+02
  -1.0700000e+02
   2.3100000e+02
   2.0000000e+01
   4.1000000e+01
   4.1000000e+01
  -1.0000000e+01
   1.3100000e+02
   4.5000000e+01
  -9.3000000e+01
   2.4700000e+02
   3.5900000e+02
   1.4700000e+02
  -2.4700000e+02
  -5.9100000e+02
  -4.5500000e+02
   2.0300000e+02
   6.5500000e+02
   1.7100000e+02
  -7.5100000e+02
  -2.9500000e+02
   5.9100000e+02
   5.9100000e+02
  -1.0000000e+01
  -4.2300000e+02
   1.0700000e+02
   5.2700000e+02
   1.6300000e+02
  -4.0700000e+02
  -5.9100000e+02
  -2.0300000e+02
   2.9500000e+02
   2.4700000e+02
   9.9000000e+01
  -1.8700000e+02
  -3.2700000e+02
  -7.3000000e+01
   3.1100000e+02
   4.5500000e+02
   4.9000000e+01
  -4.2300000e+02
  -3.2700000e+02
   8.9000000e+01
   1.3100000e+02
  -3.7500000e+02
  -4.0700000e+02
   5.2700000e+02
   7.5100000e+02
   1.7900000e+02
  -3.2700000e+02
  -4.5500000e+02
   1.8700000e+02
   2.6300000e+02
  -3.1100000e+02
  -3.9100000e+02
  -2.0000000e+01
   1.8700000e+02
   6.5000000e+01
  -1.1500000e+02
   2.3100000e+02
   4.2300000e+02
   9.9000000e+01
  -3.2700000e+02
  -6.5000000e+01
   4.5500000e+02
   2.7900000e+02
  -2.4700000e+02
  -4.0700000e+02
  -1.3900000e+02
   1.0700000e+02
  -9.3000000e+01
  -3.1100000e+02
  -1.3100000e+02
   2.3100000e+02
   5.2700000e+02
   3.9100000e+02
  -2.1100000e+02
  -3.7500000e+02
  -2.7900000e+02
   2.0000000e+01
   2.1100000e+02
  -4.5000000e+01
  -2.1100000e+02
  -1.9500000e+02
  -6.5000000e+01
   1.6300000e+02
   9.9000000e+01
   1.3900000e+02
   1.3900000e+02
   1.0700000e+02
   1.6300000e+02
  -1.9500000e+02
  -3.5900000e+02
  -2.1100000e+02
  -2.4000000e+01
   4.0700000e+02
   2.7900000e+02
  -2.0300000e+02
  -4.2300000e+02
  -8.1000000e+01
   3.1100000e+02
   1.9500000e+02
  -1.8000000e+01
   1.5500000e+02
   5.2700000e+02
   2.7900000e+02
  -4.0700000e+02
  -5.5900000e+02
  -3.4300000e+02
  -1.6000000e+01
   3.7500000e+02
   3.4300000e+02
   1.4700000e+02
  -1.8700000e+02
  -4.0700000e+02
  -2.6300000e+02
  -6.1000000e+01
   2.4700000e+02
   2.7900000e+02
   1.1500000e+02
   2.6300000e+02
   1.4700000e+02
  -3.5900000e+02
  -7.8300000e+02
  -4.9500000e+02
   3.5900000e+02
   5.9100000e+02
   3.7500000e+02
  -3.0000000e+01
  -4.5500000e+02
  -2.0000000e+00
   1.9500000e+02
  -2.6300000e+02
  -1.7100000e+02
   4.5500000e+02
   6.5500000e+02
   3.7000000e+01
  -6.5500000e+02
  -8.4700000e+02
  -4.0700000e+02
   5.2700000e+02
   1.0230000e+03
   8.1500000e+02
  -1.3900000e+02
  -7.1900000e+02
  -5.5900000e+02
  -2.9500000e+02
   2.0300000e+02
   3.1100000e+02
   1.3900000e+02
   1.8700000e+02
   1.3100000e+02
  -3.5900000e+02
  -5.9100000e+02
  -4.0700000e+02
   4.1000000e+01
   7.1900000e+02
   7.1900000e+02
   2.4700000e+02
  -2.1100000e+02
  -5.9100000e+02
  -5.2700000e+02
   8.5000000e+01
   4.2300000e+02
   2.6300000e+02
   2.3100000e+02
   7.7000000e+01
  -4.5000000e+01
  -2.7900000e+02
  -7.1900000e+02
  -3.9100000e+02
   6.5500000e+02
   9.7500000e+02
   2.1100000e+02
  -5.5900000e+02
  -6.8700000e+02
  -3.4300000e+02
   1.1500000e+02
   3.9100000e+02
   2.7900000e+02
   3.3000000e+01
   1.5500000e+02
   1.3100000e+02
  -4.2300000e+02
  -6.8700000e+02
  -1.6300000e+02
   6.2300000e+02
   5.5900000e+02
   4.9000000e+01
  -1.6300000e+02
  -1.3900000e+02
  -1.7100000e+02
  -4.0000000e+00
  -8.5000000e+01
  -1.0700000e+02
   1.9500000e+02
   3.5900000e+02
   6.5000000e+01
  -2.4700000e+02
  -3.4300000e+02
  -2.7900000e+02
   6.1000000e+01
   5.2700000e+02
   5.9100000e+02
   4.5000000e+01
  -4.9500000e+02
  -5.9100000e+02
  -1.1500000e+02
   3.5900000e+02
   2.7900000e+02
  -2.0000000e+00
  -7.3000000e+01
   1.8700000e+02
   3.5900000e+02
  -2.0300000e+02
  -7.1900000e+02
  -3.7500000e+02
   3.5900000e+02
   6.5500000e+02
   3.7500000e+02
  -9.3000000e+01
  -4.7100000e+02
  -4.2300000e+02
  -1.8700000e+02
   6.1000000e+01
   2.1100000e+02
   3.5900000e+02
   4.2300000e+02
   5.7000000e+01
  -2.7900000e+02
  -4.7100000e+02
  -4.0700000e+02
  -8.0000000e+00
   3.3000000e+01
   2.9500000e+02
   4.5500000e+02
   1.6300000e+02
  -2.6300000e+02
  -3.9100000e+02
  -3.7000000e+01
   4.2300000e+02
   3.1100000e+02
  -3.7000000e+01
  -2.3100000e+02
  -3.7000000e+01
  -2.6000000e+01
  -3.1100000e+02
  -1.2300000e+02
   4.7100000e+02
   7.8300000e+02
   3.5900000e+02
  -5.2700000e+02
  -7.8300000e+02
  -2.7900000e+02
   8.0000000e+00
   1.6300000e+02
   4.1000000e+01
  -5.7000000e+01
  -1.5500000e+02
  -1.5500000e+02
  -2.8000000e+01
   6.5000000e+01
   2.7900000e+02
   2.9500000e+02
   9.9000000e+01
  -4.9000000e+01
  -3.0000000e+01
  -9.3000000e+01
  -4.3900000e+02
  -4.2300000e+02
   1.0700000e+02
   4.9500000e+02
   3.1100000e+02
  -8.1000000e+01
  -2.1100000e+02
   1.2300000e+02
   5.9100000e+02
   4.5500000e+02
  -1.8000000e+01
  -2.3100000e+02
  -2.6300000e+02
  -2.4700000e+02
  -1.5500000e+02
  -1.3900000e+02
  -8.9000000e+01
   2.0000000e+00
   3.7000000e+01
   1.0000000e+01
  -4.0000000e+00
   1.2300000e+02
   1.7900000e+02
   2.9500000e+02
   1.8700000e+02
  -9.9000000e+01
  -2.4700000e+02
  -3.1100000e+02
  -2.6300000e+02
   5.7000000e+01
   1.3900000e+02
  -1.2300000e+02
  -1.7900000e+02
   4.1000000e+01
   2.9500000e+02
   1.7100000e+02
  -1.8700000e+02
  -1.7100000e+02
   1.7900000e+02
   2.1900000e+02
   1.0000000e+01
  -2.1100000e+02
  -1.3100000e+02
  -8.0000000e+00
  -7.7000000e+01
  -1.3900000e+02
  -2.8000000e+01
   1.2300000e+02
   1.4700000e+02
   1.3900000e+02
   1.3900000e+02
   1.7900000e+02
   3.7000000e+01
  -1.2300000e+02
  -4.5000000e+01
   1.2300000e+02
   6.5000000e+01
  -6.9000000e+01
  -2.6300000e+02
  -2.4700000e+02
   3.7000000e+01
   1.3100000e+02
   1.8700000e+02
   2.0300000e+02
   9.9000000e+01
  -9.9000000e+01
  -3.5900000e+02
  -2.7900000e+02
